0	22.2312867183
0.5	22.225455585
1	22.225455585
1.5	22.2312867183
2	22.2283711659
2.5	22.2356599937
3	22.2283711659
3.5	22.2327444839
4	22.2283711659
4.5	22.2225399757
5	22.225455585
5.5	22.2196243379
6	22.225455585
6.5	22.2225399757
7	22.2283711659
7.5	22.2196243379
8	22.2225399757
8.5	22.2196243379
9	22.2196243379
9.5	22.2152508278
10	22.2196243379
10.5	22.2181665083
11	22.2181665083
11.5	22.2123351187
12	22.2094193811
12.5	22.2065036149
13	22.1977561446
13.5	22.2006719967
14	22.1977561446
14.5	22.1948402638
15	22.1933823127
15.5	22.1948402638
16	22.1904663889
16.5	22.184634455
17	22.1875504363
17.5	22.1933823127
18	22.1904663889
18.5	22.1773443758
19	22.1744282936
19.5	22.1671379618
20	22.1700541162
20.5	22.1671379618
21	22.1452658802
21.5	22.1394330489
22	22.1306835833
22.5	22.1204755409
23	22.1146422127
23.5	22.0985999537
24	22.0913077231
24.5	22.0854738056
25	22.072347058
25.5	22.0694299213
26	22.0490091306
26.5	22.0373394499
27	22.0373394499
27.5	22.0256692891
28	22.0183751942
28.5	22.0183751942
29	22.0096220313
29.5	22.0008685963
30	21.999409664
30.5	21.999409664
31	21.9935738589
31.5	21.9964917766
32	21.9877379322
32.5	21.9935738589
33	21.9935738589
33.5	21.9819018839
34	21.9848199233
34.5	21.9877379322
35	21.9848199233
35.5	21.9848199233
36	21.9906559107
36.5	21.9935738589
37	21.9906559107
37.5	21.9964917766
38	21.9964917766
38.5	21.9935738589
39	21.9935738589
39.5	21.9906559107
40	21.9935738589
40.5	21.9964917766
41	21.9964917766
41.5	21.999409664
42	21.999409664
42.5	21.999409664
43	22.0008685963
43.5	21.999409664
44	22.0008685963
44.5	22.0008685963
45	22.0008685963
45.5	22.0008685963
46	21.999409664
46.5	21.999409664
47	22.0008685963
47.5	22.0008685963
48	21.9964917766
48.5	21.999409664
49	21.999409664
49.5	22.0125397825
50	22.0125397825
50.5	22.0096220313
51	22.0037864383
51.5	22.0154575034
52	22.0212928548
52.5	22.0154575034
53	22.0183751942
53.5	22.0183751942
54	22.0154575034
54.5	22.0242104852
55	22.0212928548
55.5	22.0183751942
56	22.0183751942
56.5	22.0212928548
57	22.0256692891
57.5	22.0242104852
58	22.0256692891
58.5	22.0256692891
59	22.0256692891
59.5	22.0256692891
60	22.0285868744
60.5	22.0344219548
61	22.0256692891
61.5	22.0373394499
62	22.0285868744
62.5	22.0344219548
63	22.0373394499
63.5	22.0344219548
64	22.0387981862
64.5	22.0446330565
65	22.0446330565
65.5	22.0446330565
66	22.0446330565
66.5	22.0417156364
67	22.0490091306
67.5	22.051926476
68	22.0490091306
68.5	22.051926476
69	22.0490091306
69.5	22.0490091306
70	22.051926476
70.5	22.0490091306
71	22.0475504468
71.5	22.051926476
72	22.0490091306
72.5	22.0504678071
73	22.051926476
73.5	22.051926476
74	22.0635955588
74.5	22.0694299213
75	22.0606783328
75.5	22.0635955588
76	22.0635955588
76.5	22.0694299213
77	22.0665127549
77.5	22.0694299213
78	22.072347058
78.5	22.0767227073
79	22.0738056152
79.5	22.072347058
80	22.0315044296
80.5	21.9556381557
