0	22.519789722
0.5	22.5212461409
1	22.513963981
1.5	22.5066816581
2	22.4950296016
2.5	22.4921165219
3	22.489203416
3.5	22.4790073384
4	22.4819205363
4.5	22.4731808633
5	22.4673542827
5.5	22.4702675862
6	22.4673542827
6.5	22.4629842778
7	22.4644409527
7.5	22.4542440891
8	22.4498739051
8.5	22.4542440891
9	22.4469604159
9.5	22.4498739051
10	22.4469604159
10.5	22.4382197884
11	22.4411333575
11.5	22.4440469
12	22.4382197884
12.5	22.4440469
13	22.4469604159
13.5	22.4382197884
14	22.4469604159
14.5	22.4411333575
15	22.4353061925
15.5	22.4353061925
16	22.4382197884
16.5	22.4353061925
17	22.4309357486
17.5	22.4411333575
18	22.4338493846
18.5	22.4280220859
19	22.4367629938
19.5	22.4251083965
20	22.4309357486
20.5	22.4280220859
21	22.4221946802
21.5	22.4251083965
22	22.4221946802
22.5	22.4221946802
23	22.4309357486
23.5	22.4280220859
24	22.4251083965
24.5	22.4280220859
25	22.4221946802
25.5	22.4221946802
26	22.4163671671
26.5	22.4192809371
27	22.4192809371
27.5	22.4221946802
28	22.4163671671
28.5	22.4192809371
29	22.4163671671
29.5	22.4134533703
30	22.4090826246
30.5	22.4192809371
31	22.4134533703
31.5	22.4119964618
32	22.4192809371
32.5	22.4163671671
33	22.4134533703
33.5	22.4221946802
34	22.4192809371
34.5	22.4119964618
35	22.4134533703
35.5	22.4119964618
36	22.4134533703
36.5	22.4221946802
37	22.4119964618
37.5	22.4192809371
38	22.4192809371
38.5	22.4221946802
39	22.4192809371
39.5	22.4221946802
40	22.4221946802
40.5	22.4251083965
41	22.4163671671
41.5	22.4221946802
42	22.4192809371
42.5	22.4134533703
43	22.4119964618
43.5	22.4163671671
44	22.4119964618
44.5	22.4032548695
45	22.4090826246
45.5	22.4032548695
46	22.4032548695
46.5	22.3945130343
47	22.3872279857
47.5	22.3813998248
48	22.3843139188
48.5	22.3755715552
49	22.3741144708
49.5	22.3653718215
50	22.3741144708
50.5	22.3741144708
51	22.3682860652
51.5	22.3624575506
52	22.3682860652
52.5	22.3610004048
53	22.3624575506
53.5	22.3610004048
54	22.3580860928
54.5	22.3580860928
55	22.3493429927
55.5	22.3610004048
56	22.3551717535
56.5	22.3522573868
57	22.3551717535
57.5	22.3493429927
58	22.3464285712
58.5	22.3580860928
59	22.3493429927
59.5	22.3493429927
60	22.3522573868
60.5	22.3610004048
61	22.3639146895
61.5	22.3610004048
62	22.3639146895
62.5	22.3551717535
63	22.3624575506
63.5	22.3624575506
64	22.3610004048
64.5	22.3682860652
65	22.3653718215
65.5	22.3682860652
66	22.3653718215
66.5	22.3653718215
67	22.3580860928
67.5	22.3653718215
68	22.3653718215
68.5	22.3551717535
69	22.3493429927
69.5	22.3493429927
70	22.3610004048
70.5	22.3610004048
71	22.3522573868
71.5	22.3522573868
72	22.3551717535
72.5	22.3580860928
73	22.3551717535
73.5	22.3522573868
74	22.3493429927
74.5	22.3435141222
75	22.3493429927
75.5	22.3493429927
76	22.3464285712
76.5	22.3493429927
77	22.3580860928
77.5	22.3522573868
78	22.3551717535
78.5	22.3522573868
79	22.3522573868
79.5	22.3610004048
80	22.3493429927
80.5	22.3493429927
81	22.3522573868
81.5	22.3464285712
82	22.3493429927
82.5	22.3493429927
83	22.3464285712
83.5	22.3522573868
84	22.3493429927
84.5	22.3580860928
85	22.3551717535
85.5	22.3551717535
86	22.3624575506
86.5	22.3551717535
87	22.3682860652
87.5	22.3712002817
88	22.3712002817
88.5	22.3712002817
89	22.3770286328
89.5	22.3770286328
90	22.3741144708
90.5	22.3755715552
91	22.3813998248
91.5	22.3843139188
92	22.3872279857
92.5	22.3741144708
93	22.3682860652
93.5	22.3712002817
94	22.3741144708
94.5	22.3682860652
95	22.3813998248
95.5	22.3653718215
96	22.3362278795
96.5	22.3012515126
97	22.2633559261
97.5	22.2356599937
98	22.2196243379
98.5	22.2006719967
99	22.1948402638
99.5	22.1773443758
100	22.1700541162
100.5	22.1613055663
101	22.1525567555
101.5	22.1452658802
102	22.1423494791
102.5	22.1365165896
103	22.1248504602
103.5	22.1277670364
104	22.1175588915
104.5	22.1175588915
105	22.1146422127
105.5	22.1204755409
