0	21.5394528592
0.5	21.6884794219
1	21.809682804
1.5	21.9279126346
2	21.9935738589
2.5	22.0446330565
3	22.0767227073
3.5	22.0985999537
4	22.1117255045
4.5	22.1336001011
5	22.1365165896
5.5	22.1467240698
6	22.1423494791
6.5	22.1423494791
7	22.1452658802
7.5	22.1496404272
8	22.1452658802
8.5	22.1394330489
9	22.1525567555
9.5	22.1452658802
10	22.1452658802
10.5	22.1467240698
11	22.1306835833
11.5	22.1394330489
12	22.1306835833
12.5	22.1306835833
13	22.1248504602
13.5	22.1277670364
14	22.1248504602
14.5	22.1248504602
15	22.1204755409
15.5	22.1277670364
16	22.1175588915
16.5	22.1263087519
17	22.1204755409
17.5	22.1146422127
18	22.1102671394
18.5	22.1175588915
19	22.1146422127
19.5	22.1102671394
20	22.1146422127
20.5	22.1117255045
21	22.1117255045
21.5	22.1088087669
22	22.1117255045
22.5	22.1102671394
23	22.1102671394
23.5	22.1073503871
24	22.0985999537
24.5	22.1044336054
25	22.1015167943
25.5	22.0971415223
26	22.0985999537
26.5	22.0942246375
27	22.0942246375
27.5	22.0985999537
28	22.1015167943
28.5	22.0883907791
29	22.0883907791
29.5	22.0942246375
30	22.0942246375
30.5	22.0854738056
31	22.0913077231
31.5	22.0854738056
32	22.0825568025
32.5	22.0883907791
33	22.0796397697
33.5	22.0796397697
34	22.0738056152
34.5	22.0854738056
35	22.0825568025
35.5	22.0796397697
36	22.0825568025
36.5	22.0767227073
37	22.0767227073
37.5	22.0767227073
38	22.0767227073
38.5	22.0665127549
39	22.0767227073
39.5	22.0738056152
40	22.0767227073
40.5	22.0694299213
41	22.0665127549
41.5	22.0694299213
42	22.0694299213
42.5	22.0694299213
43	22.0606783328
43.5	22.072347058
44	22.0606783328
44.5	22.0665127549
45	22.0635955588
45.5	22.0606783328
46	22.0606783328
46.5	22.057761077
47	22.057761077
47.5	22.0548437914
48	22.0548437914
48.5	22.0635955588
49	22.0504678071
49.5	22.057761077
50	22.0504678071
50.5	22.0504678071
51	22.0446330565
51.5	22.0475504468
52	22.0446330565
52.5	22.0417156364
53	22.0475504468
53.5	22.0504678071
54	22.0373394499
54.5	22.0387981862
55	22.0417156364
55.5	22.0417156364
56	22.0475504468
56.5	22.0417156364
57	22.0446330565
57.5	22.0387981862
58	22.0417156364
58.5	22.0387981862
59	22.0446330565
59.5	22.0344219548
60	22.0417156364
60.5	22.0417156364
61	22.0446330565
61.5	22.0417156364
62	22.0387981862
62.5	22.0387981862
63	22.0387981862
63.5	22.0373394499
64	22.0344219548
64.5	22.0446330565
65	22.0446330565
65.5	22.0490091306
66	22.0475504468
66.5	22.0417156364
67	22.0446330565
67.5	22.0475504468
68	22.0504678071
68.5	22.0475504468
69	22.0504678071
69.5	22.0548437914
70	22.0475504468
70.5	22.0475504468
71	22.0533851375
71.5	22.0504678071
72	22.0533851375
72.5	22.0504678071
73	22.051926476
73.5	22.0533851375
74	22.057761077
74.5	22.057761077
75	22.057761077
75.5	22.051926476
76	22.0548437914
76.5	22.057761077
77	22.0548437914
77.5	22.057761077
78	22.0548437914
78.5	22.0606783328
79	22.0606783328
79.5	22.0548437914
80	22.057761077
80.5	22.057761077
81	22.0606783328
81.5	22.051926476
82	22.057761077
82.5	22.0548437914
83	22.0606783328
